image_width: 320
image_height: 240
camera_name: narrow_stereo
camera_matrix:
  rows: 3
  cols: 3
  data: [120.48881,   0.36854, 157.79144,
           0.     , 122.41662, 119.75444,
           0.     ,   0.     ,   1.     ]
distortion_model: equidistant
distortion_coefficients:
  rows: 1
  cols: 4
  data: [-0.454400, 1.751421, -1.635337, 0.356801]
rectification_matrix:
  rows: 3
  cols: 3
  data: [1., 0., 0.,
         0., 1., 0.,
         0., 0., 1.]
projection_matrix:
  rows: 3
  cols: 4
  data: [120.48881,   0.36854, 157.79144,   0.     ,
           0.     , 122.41662, 119.75444,   0.     ,
           0.     ,   0.     ,   1.     ,   0.     ]
